-----------------------------
Principal:         10000.00
-----------------------------
APR:                     6%
-----------------------------
Years:                    4
-----------------------------
Payment:             234.85
-----------------------------

   Month #   Balance Owed    Interest Accrued   Payment Made
----------------------------------------------------------------
         0       10000.00               50.00         234.85
         1        9815.15               49.08         234.85
         2        9629.38               48.15         234.85
         3        9442.67               47.21         234.85
         4        9255.03               46.28         234.85
         5        9066.46               45.33         234.85
         6        8876.94               44.38         234.85
         7        8686.48               43.43         234.85
         8        8495.06               42.48         234.85
         9        8302.68               41.51         234.85
        10        8109.35               40.55         234.85
        11        7915.04               39.58         234.85
        12        7719.77               38.60         234.85
        13        7523.52               37.62         234.85
        14        7326.28               36.63         234.85
        15        7128.06               35.64         234.85
        16        6928.85               34.64         234.85
        17        6728.65               33.64         234.85
        18        6527.44               32.64         234.85
        19        6325.23               31.63         234.85
        20        6122.00               30.61         234.85
        21        5917.76               29.59         234.85
        22        5712.50               28.56         234.85
        23        5506.21               27.53         234.85
        24        5298.90               26.49         234.85
        25        5090.54               25.45         234.85
        26        4881.14               24.41         234.85
        27        4670.70               23.35         234.85
        28        4459.20               22.30         234.85
        29        4246.65               21.23         234.85
        30        4033.03               20.17         234.85
        31        3818.34               19.09         234.85
        32        3602.59               18.01         234.85
        33        3385.75               16.93         234.85
        34        3167.83               15.84         234.85
        35        2948.82               14.74         234.85
        36        2728.71               13.64         234.85
        37        2507.50               12.54         234.85
        38        2285.19               11.43         234.85
        39        2061.77               10.31         234.85
        40        1837.22                9.19         234.85
        41        1611.56                8.06         234.85
        42        1384.77                6.92         234.85
        43        1156.84                5.78         234.85
        44         927.78                4.64         234.85
        45         697.56                3.49         234.85
        46         466.20                2.33         234.85
        47         233.68                1.17         234.85
        48             -0                  -0

---------------------------------------
Total interest:             1272.81
---------------------------------------
Total paid:                11272.81
---------------------------------------

